
--- #1 C->S 09:52:29.925 136 bytes ---
  0000  00 86 00 05 31 39 32 2e 31 36 38 2e 38 2e 31 39   ....192.168.8.19
  0010  32 00 00 00 00 00 00 00 00 00 00 00 00 00 00 00   2...............
  0020  00 00 00 00 00 00 00 00 00 00 00 00 00 00 00 00   ................
  0030  00 00 00 00 00 00 00 00 00 00 00 00 00 00 00 00   ................
  0040  00 00 00 00 00 00 00 00 00 00 00 00 00 00 00 00   ................
  0050  00 00 00 00 00 00 00 00 00 00 00 00 00 00 00 00   ................
  0060  00 00 00 00 00 00 00 00 00 00 00 00 00 00 00 00   ................
  0070  00 00 00 00 00 00 00 00 00 00 00 00 00 00 00 00   ................
  0080  00 00 00 00 00 00 23 28                           ......#(

--- #2 C->S 09:52:29.986 10 bytes ---
  0000  00 08 4a 69 45 f5 64 eb 9c 1a                     ..JiE.d...
